Extended Fe Linelist for Kepler stars- based on the SWP (2010) paper plus additions from Ivan
  4779.439    26.000     3.42  -2.02         2.2                  39.5  
  4788.757    26.000     3.24  -1.76         2.2                  64.8    
  5054.643    26.000     3.64  -1.92         2.2                  38.9    
  5322.041    26.000     2.28  -2.80         2.2                  59.0
  5379.574    26.000     3.69  -1.51         2.2                  60.0    
  5522.447    26.000     4.21  -1.55         2.2                  44.6    
  5543.936    26.000     4.22  -1.14         2.2                  61.7    
  5546.500    26.000     4.37  -1.31         2.2                  51.3
  5546.991    26.000     4.22  -1.91         2.2                  27.7
  5560.207    26.000     4.43  -1.19         2.2                  52.8    
  5577.030    26.000     5.03  -1.55         2.2                  10.5
  5579.335    26.000     4.23  -2.40         2.2                  10.3
  5587.574    26.000     4.14  -1.85         2.2                  36.1    
  5646.684    26.000     4.26  -2.50         2.2                  08.6    
  5651.469    26.000     4.47  -2.00         2.2                  18.7
  5652.318    26.000     4.26  -1.95         2.2                  25.6
  5661.346    26.000     4.28  -1.74         2.2                  22.4    
  5667.518    26.000     4.18  -1.58         2.2                  51.5    
  5677.684    26.000     4.10  -2.70         2.2                  06.8    
  5679.023    26.000     4.65  -0.92         2.2                  60.5    
  5680.240    26.000     4.19  -2.58         2.2                  09.9
  5731.762    26.000     4.26  -1.30         2.2                  59.2	      
  5732.275    26.000     4.99  -1.56         2.2                  15.3
  5741.846    26.000     4.26  -1.85         2.2                  32.6
  5752.032    26.000     4.55  -1.18         2.2                  53.4    
  5775.081    26.000     4.22  -1.30         2.2                  58.7    
  5778.450    26.000     2.59  -3.48         2.2                  21.9    
  5809.218    26.000     3.88  -1.84         2.2                  49.2
  5934.655    26.000     3.93  -1.17         2.2                  76.3	  
  6078.999    26.000     4.65  -1.12         2.2                  47.4    
  6085.259    26.000     2.76  -3.10         2.2                  44.9
  6098.245    26.000     4.56  -1.88         2.2                  15.9    
  6151.617    26.000     2.18  -3.30         2.2                  49.5
  6159.368    26.000     4.61  -1.97         2.2                  11.5
  6165.360    26.000     4.14  -1.47         2.2                  43.6  
  6173.336    26.000     2.22  -2.88         2.2                  69.2
  6187.987    26.000     3.94  -1.72         2.2                  48.6    
  6220.776    26.000     3.88  -2.46         2.2                  19.7    
  6226.730    26.000     3.88  -2.22         2.2                  29.1
  6229.228    26.000     2.85  -2.81         2.2                  37.0 #pulls away 3/4 to cont    
  6240.645    26.000     2.22  -3.23         2.2                  50.6    
  6293.924    26.000     4.84  -1.72         2.2                  15.1    
  6297.793    26.000     2.22  -2.74         2.2                  75.6    
  6322.685    26.000     2.59  -2.43         2.2                  75.7    
  6380.743    26.000     4.19  -1.38         2.2                  51.5    
  6392.538    26.000     2.28  -4.03         2.2                  17.1    
  6597.557    26.000     4.79  -1.07         2.2                  45.4    
  6608.024    26.000     2.28  -4.03         2.2                  17.4    
  6609.110    26.000     2.56  -2.69         2.2                  62.9 #extra feature close to bottom left    
  6627.540    26.000     4.55  -1.68         2.2                  28.5
  6653.850    26.000     4.15  -2.52         2.2                  10.2
  6703.567    26.000     2.76  -3.16         2.2                  38.2
  6710.316    26.000     1.49  -4.88         2.2                  15.8
  6713.745    26.000     4.80  -1.60         2.2                  21.5    
  6716.222    26.000     4.58  -1.92         2.2                  15.6    
  6725.353    26.000     4.10  -2.30         2.2                  19.1
  6726.666    26.000     4.61  -1.13         2.2                  46.9    
  6733.151    26.000     4.64  -1.58         2.2                  27.2    
  6739.520    26.000     1.56  -4.79         2.2                  11.9
  6745.090    26.000     4.58  -2.16         2.2                  08.1
  6745.957    26.000     4.08  -2.77         2.2                  07.1    
  6750.150    26.000     2.42  -2.62         2.2                  74.7    
  6752.716    26.000     4.64  -1.30         2.2                  36.9    
  7114.549    26.000     2.69  -4.01         2.2                  08.0    
  7284.835    26.000     4.14  -1.75         2.2                  42.4    
  4620.521    26.100     2.828  -3.315       2.2                  52.6    
  5197.577    26.100     3.230  -2.348       2.2                  79.8    
  5234.625    26.100     3.221  -2.279       2.2                  80.9    
  5264.812    26.100     3.230  -3.133       2.2                  43.9    
  5414.073    26.100     3.221  -3.645       2.2                  27.4    
  5425.257    26.100     3.199  -3.390       2.2                  40.5    
  6084.111    26.100     3.199  -3.881       2.2                  22.8
  6113.322    26.100     3.221  -4.230       2.2                  12.2 #close to another line at base    
  6149.258    26.100     3.889  -2.841       2.2                  37.6    
  6247.557    26.100     3.892  -2.435       2.2                  51.8
  7222.394    26.100     3.889  -3.402       2.2                  20.3    
  7449.335    26.100     3.889  -3.488       2.2                  20.3 #pulls away close to half    
  7711.723    26.100     3.903  -2.683       2.2                  46.3    
