STARNAME, PROJECT, YEAR; Extended Fe Linelist based on the SWP (2010) paper plus additions from Ivan
  5052.167    06.000     7.685   -1.304         2.2              29.13     0.589
  5380.337    06.000     7.685   -1.615         2.2              19.263    0.556
  6587.61     06.000     8.537   -1.021         2.2              12.149    0.636
  7111.469    06.000     8.64    -1.074         2.2              10.359    0.749
  7113.179    06.000     8.647   -0.762         2.2              22.913    0.756
  7468.313    07.000    10.336   -0.189         2.2              3.78      0.649
  6300.304    08.000     0.0     -9.72          2.2              5.076     0.623
  7775.39     08.000     9.15    0.001          2.2              45.409    0.771
  7774.17     08.000     9.15    0.223          2.2              64.77     0.778
  7771.94     08.000     9.15    0.369          2.2              69.714    0.799
  5682.633    11.000     2.102   -0.7           2.2              98.28     0.437
  6154.226    11.000     2.102   -1.56          2.2              36.189    0.565
  6160.747    11.000     2.104   -1.26          2.2              54.768    0.468
  5711.088    12.000     4.346   -1.833         2.2              103.82    0.638
  4730.029    12.000     4.346   -2.523         2.2              66.151    0.481
  6965.409    12.000     5.753   -1.51          2.2              18.043    0.819
  6841.19     12.000     5.753   -1.61          2.2              65.234    0.526
  6696.023    13.000     3.143   -1.347         2.2              37.33     0.646
  6698.673    13.000     3.143   -1.647         2.2              21.107    0.582
  5701.104    14.000     4.93    -1.581         2.2              37.808    0.54 
  5690.425    14.000     4.93    -1.769         2.2              50.509    0.555
  5708.4      14.000     4.954   -1.034         2.2              77.452    0.568
  5772.149    14.000     5.082   -1.358         2.2              53.627    0.581
  7405.772    14.000     5.614   -0.313         2.2              89.404    0.643
  6125.021    14.000     5.614   -1.464         2.2              32.52     0.552
  6244.466    14.000     5.616   -1.093         2.2              45.99     0.508
  6243.815    14.000     5.616   -1.242         2.2              47.003    0.542
  6145.016    14.000     5.616   -1.31          2.2              39.71     0.502
  6142.483    14.000     5.619   -1.295         2.2              33.778    0.499
  6848.58     14.000     5.863   -1.524         2.2              17.312    0.602
  6414.98     14.000     5.871   -1.035         2.2              48.006    0.808
  7003.569    14.000     5.964   -0.937         2.2              57.234    0.593
  6741.628    14.000     5.984   -1.428         2.2              15.365    0.588
  4694.113    16.000     6.525   -1.77          2.2              9.183     0.437
  4695.443    16.000     6.525   -1.92          2.2              5.768     0.452
  6757.171    16.000     7.87    -0.31          2.2              15.299    0.69 
  7698.98     19.000     0.0     -0.17          2.2              155.63    0.698
  6572.779    20.000     0.0     -4.24          2.2              33.149    0.629
  6166.439    20.000     2.521   -1.142         2.2              70.147    0.535
  6169.042    20.000     2.523   -0.797         2.2              91.168    0.551
  6161.297    20.000     2.523   -1.266         2.2              62.592    0.48 
  6169.563    20.000     2.526   -0.478         2.2              109.25    0.593
  7326.145    20.000     2.933   -0.208         2.2              109.64    0.684
  5867.562    20.000     2.933   -1.57          2.2              23.777    0.515
  6604.601    21.100     1.357   -1.309         2.2              36.795    0.443
  6320.851    21.100     1.5     -1.819         2.2              7.543     0.572
  6245.637    21.100     1.507   -1.03          2.2              34.413    0.445
  5039.957    22.000     0.021   -1.13          2.2              72.931    0.501
  5210.385    22.000     0.048   -0.884         2.2              88.028    0.484
  5064.653    22.000     0.048   -0.991         2.2              104.89    0.846
  5024.844    22.000     0.818   -0.602         2.2              71.058    0.439
  5022.868    22.000     0.826   -0.434         2.2              72.15     0.409
  5866.451    22.000     1.067   -0.84          2.2              47.316    0.471
  6261.098    22.000     1.43    -0.479         2.2              48.756    0.537
  6258.102    22.000     1.443   -0.355         2.2              51.387    0.485
  7138.906    22.000     1.443   -1.59          2.2              6.34      0.631
  5739.469    22.000     2.249   -0.6           2.2              8.243     0.486
  6091.171    22.000     2.267   -0.423         2.2              12.846    0.55 
  6098.658    22.000     3.062   -0.01          2.2              5.717     0.556
  5154.068    22.100     1.566   -1.75          2.2              73.958    0.487
  5381.021    22.100     1.566   -1.92          2.2              60.626    0.519
  5336.786    22.100     1.582   -1.59          2.2              71.835    0.461
  4779.985    22.100     2.048   -1.26          2.2              64.045    0.458
  6285.15     23.000     0.275   -1.51          2.2              10.306    0.5  
  6251.827    23.000     0.287   -1.34          2.2              13.439    0.503
  6224.529    23.000     0.287   -2.01          2.2              4.899     0.445
  6243.105    23.000     0.301   -0.98          2.2              29.565    0.519
  6111.645    23.000     1.043   -0.715         2.2              10.299    0.548
  6081.441    23.000     1.051   -0.579         2.2              14.883    0.617
  5737.059    23.000     1.064   -0.74          2.2              9.635     0.504
  5727.048    23.000     1.081   -0.012         2.2              40.52     0.524
  6090.214    23.000     1.081   -0.062         2.2              33.039    0.586
  6330.091    24.000     0.941   -2.92          2.2              26.99     0.514
  7400.249    24.000     2.9     -0.111         2.2              75.999    0.591
  5787.918    24.000     3.322   -0.083         2.2              45.145    0.619
  5783.85     24.000     3.322   -0.295         2.2              44.152    0.595
  5783.063    24.000     3.323   -0.5           2.2              30.719    0.6  
  5702.306    24.000     3.449   -0.667         2.2              22.982    0.543
  6978.397    24.000     3.464   0.142          2.2              58.568    0.537
  6979.795    24.000     3.464   -0.41          2.2              35.435    0.518
  5432.546    25.000     0.0     -3.795         2.2              50.942    0.514
  5399.499    25.000     3.853   -0.287         2.2              37.554    0.584
  5301.039    27.000     1.71    -2.0           2.2              19.928    0.448
  6093.143    27.000     1.74    -2.44          2.2              10.273    0.676
  6814.942    27.000     1.956   -1.9           2.2              18.566    0.57 
  5647.234    27.000     2.28    -1.56          2.2              14.059    0.471
  6632.433    27.000     2.28    -2.0           2.2              8.703     0.557
  6595.864    27.000     3.713   -0.647         2.2              6.293     0.618
  6643.629    28.000     1.676   -2.3           2.2              92.925    0.532
  6108.107    28.000     1.676   -2.45          2.2              65.591    0.569
  6327.593    28.000     1.676   -3.15          2.2              38.58     0.505
  5846.986    28.000     1.676   -3.21          2.2              23.367    0.545
  5748.346    28.000     1.676   -3.26          2.2              28.486    0.4  
  6128.963    28.000     1.676   -3.33          2.2              25.991    0.57 
  6767.768    28.000     1.826   -2.17          2.2              78.804    0.643
  6177.236    28.000     1.826   -3.5           2.2              13.79     0.548
  5754.655    28.000     1.935   -2.33          2.2              74.198    0.423
  6370.341    28.000     3.542   -1.94          2.2              13.348    0.496
  6842.035    28.000     3.658   -1.48          2.2              23.711    0.501
  6176.807    28.000     4.088   -0.26          2.2              62.51     0.504
  6111.066    28.000     4.088   -0.87          2.2              34.024    0.558
  6204.6      28.000     4.088   -1.1           2.2              21.455    0.6  
  6133.963    28.000     4.088   -1.83          2.2              5.155     0.489
  6175.36     28.000     4.089   -0.559         2.2              48.244    0.584
  5760.828    28.000     4.105   -0.8           2.2              34.701    0.433
  6223.981    28.000     4.105   -0.91          2.2              29.83     0.564
  6186.709    28.000     4.105   -0.96          2.2              31.522    0.674
  6230.09     28.000     4.105   -1.26          2.2              20.297    0.521
  6378.247    28.000     4.154   -0.83          2.2              31.893    0.524
  5805.213    28.000     4.167   -0.64          2.2              40.911    0.576
  6598.593    28.000     4.236   -0.98          2.2              24.861    0.476
  6130.13     28.000     4.266   -0.96          2.2              22.76     0.553
  6635.118    28.000     4.419   -0.82          2.2              24.32     0.522
  5782.127    29.000     1.642   -1.72          2.2              77.474    0.658
  4722.153    30.000     4.03    -0.338         2.2              70.645    0.633
